             0.05000             0.00009
             0.15000             0.00017
             0.25000             0.00061
             0.35000             0.00070
             0.45000             0.00058
             0.55000             0.00148
             0.65000             0.00167
             0.75000             0.00193
             0.85000             0.00203
             0.95000             0.00311
             1.05000             0.00385
             1.15000             0.00436
             1.25000             0.00411
             1.35000             0.00648
             1.45000             0.00490
             1.55000             0.00706
             1.65000             0.00648
             1.75000             0.00753
             1.85000             0.00855
             1.95000             0.00894
             2.05000             0.01067
             2.15000             0.00812
             2.25000             0.01063
             2.35000             0.00973
             2.45000             0.01213
             2.55000             0.01138
             2.65000             0.01304
             2.75000             0.01636
             2.85000             0.01114
             2.95000             0.00815
             3.05000             0.00660
             3.15000             0.00679
             3.25000             0.00869
             3.35000             0.00923
             3.45000             0.00836
             3.55000             0.00601
             3.65000             0.00541
             3.75000             0.00530
             3.85000             0.00607
             3.95000             0.00649
             4.05000             0.00335
             4.15000             0.00158
             4.25000             0.00085
             4.35000             0.00057
             4.45000             0.00023
             4.55000             0.00014
             4.65000             0.00011
             4.75000             0.00016
             4.85000             0.00018
             4.95000             0.00024
             5.05000             0.00032
             5.15000             0.00043
             5.25000             0.00064
             5.35000             0.00149
             5.45000             0.00452
             5.55000             0.00184
             5.65000             0.00093
             5.75000             0.00059
             5.85000             0.00044
             5.95000             0.00037
             6.05000             0.00051
             6.15000             0.00042
             6.25000             0.00052
             6.35000             0.00035
             6.45000             0.00064
             6.55000             0.00095
             6.65000             0.00090
             6.75000             0.00115
             6.85000             0.00123
             6.95000             0.00092
             7.05000             0.00088
             7.15000             0.00106
             7.25000             0.00080
             7.35000             0.00101
             7.45000             0.00102
             7.55000             0.00150
             7.65000             0.00224
             7.75000             0.01063
             7.85000             0.08287
             7.95000             0.15244
             8.05000             0.15813
             8.15000             0.14426
             8.25000             0.13435
             8.35000             0.19776
             8.45000             0.20015
             8.55000             0.22459
             8.65000             0.18733
             8.75000             0.11631
             8.85000             0.11009
             8.95000             0.10870
             9.05000             0.09879
             9.15000             0.11358
             9.25000             0.10115
             9.35000             0.11569
             9.45000             0.10008
             9.55000             0.15652
             9.65000             0.13913
             9.75000             0.13901
             9.85000             0.20351
             9.95000             0.18736
            10.05000             0.23735
            10.15000             0.32562
            10.25000             0.17840
            10.35000             0.22276
            10.45000             0.16441
            10.55000             0.13664
            10.65000             0.13242
            10.75000             0.14824
            10.85000             0.14531
            10.95000             0.09095
            11.05000             0.14075
            11.15000             0.12219
            11.25000             0.12459
            11.35000             0.09895
            11.45000             0.11876
            11.55000             0.11623
            11.65000             0.07992
            11.75000             0.13933
            11.85000             0.09779
            11.95000             0.09888
            12.05000             0.09766
            12.15000             0.11790
            12.25000             0.10215
            12.35000             0.05538
            12.45000             0.08851
            12.55000             0.08745
            12.65000             0.05831
            12.75000             0.07411
            12.85000             0.09326
            12.95000             0.08028
            13.05000             0.06460
            13.15000             0.11056
            13.25000             0.07285
            13.35000             0.06913
            13.45000             0.07892
            13.55000             0.08229
            13.65000             0.08060
            13.75000             0.12648
            13.85000             0.10431
            13.95000             0.12276
            14.05000             0.21862
            14.15000             0.13892
            14.25000             0.14968
            14.35000             0.08610
            14.45000             0.16945
            14.55000             0.07396
            14.65000             0.12758
            14.75000             0.09011
            14.85000             0.10319
            14.95000             0.09454
            15.05000             0.08684
            15.15000             0.09088
            15.25000             0.09843
            15.35000             0.08964
            15.45000             0.08671
            15.55000             0.08523
            15.65000             0.05070
            15.75000             0.00002
            15.85000             0.00000
            15.95000             0.00000
            16.05000             0.00000
            16.15000             0.00000
            16.25000             0.00000
            16.35000             0.00000
            16.45000             0.00000
            16.55000             0.00000
            16.65000             0.00000
            16.75000             0.00000
            16.85000             0.00000
            16.95000             0.00000
            17.05000             0.00000
            17.15000             0.00000
            17.25000             0.00000
            17.35000             0.00000
            17.45000             0.00000
            17.55000             0.00000
            17.65000             0.00000
            17.75000             0.00000
            17.85000             0.00000
            17.95000             0.00000
            18.05000             0.00000
            18.15000             0.00000
            18.25000             0.00000
            18.35000             0.00000
            18.45000             0.00000
            18.55000             0.00000
            18.65000             0.00000
            18.75000             0.00000
            18.85000             0.00000
            18.95000             0.00000
            19.05000             0.00000
            19.15000             0.00000
            19.25000             0.00000
            19.35000             0.00000
            19.45000             0.00000
            19.55000             0.00000
            19.65000             0.00000
            19.75000             0.00000
            19.85000             0.00000
            19.95000             0.00000
            20.05000             0.00000
            20.15000             0.00000
            20.25000             0.00000
            20.35000             0.00000
            20.45000             0.00000
            20.55000             0.00000
            20.65000             0.00000
            20.75000             0.00000
            20.85000             0.00000
            20.95000             0.00000
            21.05000             0.00000
            21.15000             0.00000
            21.25000             0.00000
            21.35000             0.00000
            21.45000             0.00000
            21.55000             0.00000
            21.65000             0.00000
            21.75000             0.00000
            21.85000             0.00000
            21.95000             0.00000
            22.05000             0.00000
            22.15000             0.00000
            22.25000             0.00000
            22.35000             0.00000
            22.45000             0.00000
            22.55000             0.00000
            22.65000             0.00000
            22.75000             0.00000
            22.85000             0.00000
            22.95000             0.00000
            23.05000             0.00000
            23.15000             0.00000
            23.25000             0.00000
            23.35000             0.00000
            23.45000             0.00000
            23.55000             0.00000
            23.65000             0.00000
            23.75000             0.00000
            23.85000             0.00000
            23.95000             0.00000
            24.05000             0.00000
            24.15000             0.00000
            24.25000             0.00000
            24.35000             0.00000
            24.45000             0.00000
            24.55000             0.00000
            24.65000             0.00000
            24.75000             0.00000
            24.85000             0.00000
            24.95000             0.00000
            25.05000             0.00000
